-10.28084
-6.70353
-1.11615
7.15576
18.91498
35.10321
56.81187
85.29267
121.96840
168.44357
226.51512
298.18308
385.66130
491.38811
618.03703
768.52744
946.03531
1154.00381
1396.15410
1676.49595
1999.33846
2369.30072
2791.32255
3270.67514
3812.97178
4424.17851
5110.62486
5879.01449
6736.43591
7690.37315
8748.71649
9919.77309
11212.27773
12635.40349
14198.77240
15912.46621
17787.03698
19833.51787
22063.43374
24488.81192
27122.19284
29976.64076
33065.75441
36403.67775
40005.11060
43885.31936
48060.14771
52546.02724
57359.98822
62519.67025
68043.33293
73949.86660
80258.80299
86990.32592
94165.28201
101805.19132
109932.25812
118569.38149
127740.16609
137468.93278
147780.72937
158701.34127
170257.30219
182475.90486
195385.21165
209014.06535
223392.09979
238549.75055
254518.26567
271329.71630
289017.00745
307613.88861
327154.96449
347675.70570
369212.45942
391802.46011
415483.84021
440295.64079
466277.82228
493471.27514
521917.83055
551660.27111
582742.34154
615208.75932
649105.22545
684478.43508
721376.08824
759846.90052
799940.61372
841708.00663
885200.90561
